    unsorted:	 20908.84977 229.8391341 1961.016793 27206576.23
      sorted:	 229.8391341 1961.016793 20908.84977 27206576.23
